MATERIAL: GaAs

Cij:
      118.800000    53.800000    53.800000     0.000000     0.000000     0.000000
       53.800000   118.800000    53.800000     0.000000     0.000000     0.000000
       53.800000    53.800000   118.800000     0.000000     0.000000     0.000000
        0.000000     0.000000     0.000000    59.400000     0.000000     0.000000
        0.000000     0.000000     0.000000     0.000000    59.400000     0.000000
        0.000000     0.000000     0.000000     0.000000     0.000000    59.400000
 run: EaTools.x
   select:  > 3 > 5 > N 
 command-line:
      EaTools.x -d 3 -m 5 -ewp n
