MATERIAL: Ca2C (Materials 2016, 9, 570; doi:10.3390/ma9070570)

Cij:
       92.000000    23.000000    35.000000     0.000000     0.000000     0.000000
      23.000000    87.000000    27.000000     0.000000     0.000000     0.000000
      35.000000    27.000000    67.000000     0.000000     0.000000     0.000000
       0.000000     0.000000     0.000000    40.000000     0.000000     0.000000
       0.000000     0.000000     0.000000     0.000000    26.000000     0.000000
       0.000000     0.000000     0.000000     0.000000     0.000000     38.000000
 run: EaTools.x 
   select:  > 3 > 5 > N 
 
 command-line:
      EaTools.x -d 3 -m 5 -ewp n
